<?xml version="1.0"?>
<opencv_storage>
<calibration_time>"Sun May  2 00:07:43 2021"</calibration_time>
<nr_of_frames>11</nr_of_frames>
<image_width>1920</image_width>
<image_height>1080</image_height>
<board_width>7</board_width>
<board_height>7</board_height>
<square_size>25.</square_size>
<fix_aspect_ratio>1.</fix_aspect_ratio>
<!-- flags: +fix_aspectRatio +fix_principal_point +zero_tangent_dist +fix_k4 +fix_k5 -->
<flags>6158</flags>
<fisheye_model>0</fisheye_model>
<camera_matrix type_id="opencv-matrix">
  <rows>3</rows>
  <cols>3</cols>
  <dt>d</dt>
  <data>
    1.8319233710098095e+04 0. 9.5950000000000000e+02 0.
    1.8319233710098095e+04 5.3950000000000000e+02 0. 0. 1.</data></camera_matrix>
<distortion_coefficients type_id="opencv-matrix">
  <rows>5</rows>
  <cols>1</cols>
  <dt>d</dt>
  <data>
    2.5318626977076864e+01 -1.2398369018684898e+04 0. 0.
    2.4953338626272022e+06</data></distortion_coefficients>
<avg_reprojection_error>9.9979346520311874e-01</avg_reprojection_error>
<per_view_reprojection_errors type_id="opencv-matrix">
  <rows>11</rows>
  <cols>1</cols>
  <dt>f</dt>
  <data>
    8.59572709e-01 1.03960264e+00 7.31693029e-01 5.46936750e-01
    1.09690630e+00 1.28775108e+00 1.00279963e+00 1.36771762e+00
    8.77310872e-01 1.15015304e+00 7.14851081e-01</data></per_view_reprojection_errors>
<!-- a set of 6-tuples (rotation vector + translation vector) for each view -->
<extrinsic_parameters type_id="opencv-matrix">
  <rows>11</rows>
  <cols>6</cols>
  <dt>d</dt>
  <data>
    -1.2583230100017850e-01 1.8134371919387514e-02
    1.0658593266635421e-02 -1.1055962714848858e+01
    -9.3792861056423050e+01 4.5712799169547634e+03
    1.1140488972188803e-01 -7.0035375377593592e-02
    3.7005433059292322e-03 -1.3320724457098692e+02
    -9.2028929333957322e+01 4.4935083735183571e+03
    1.0853904016625135e-01 -7.2723150869254571e-02
    3.9417931948527102e-03 -1.3758462715911165e+02
    -5.1245027330348805e+01 4.4878003041559941e+03
    -1.0533470784598888e-01 3.9883067187756353e-02
    7.9414271218578737e-03 -6.8243046196390083e+01
    -6.0938304592897019e+01 4.6145549164351341e+03
    3.9203501245143470e-02 -7.0648484718090307e-02
    3.7747267291995249e-03 3.1645840144310178e+01
    -5.4757863058953809e+01 4.6155313111246596e+03
    1.6053230992178805e-01 -4.6133283729306217e-02
    -1.5064304411460604e-02 -1.7983849709019134e+02
    -6.2348025505142282e+01 4.3661933083465083e+03
    4.2908434450765490e-02 1.5383648217604104e-01
    -3.1303763613253186e+00 6.2154374250559513e+01
    8.2809030100580358e+01 4.4227943953323247e+03
    -9.8305062201395933e-03 -1.4843445678947029e-01
    1.5603197864044505e+00 -3.1102497063943343e+01
    -8.0294278164069183e+01 4.3617367715194769e+03
    -3.6006303897201379e-02 -1.7201669662331706e-01
    -3.1325398709535803e+00 1.4744405127345811e+02
    6.1739458264025309e+01 4.3011566748309178e+03
    -1.1943019573578503e-01 3.3522440616839233e-02
    1.5656756881064069e+00 1.7940336743147631e+02
    -5.7020594567010725e+01 4.4685358417339221e+03
    -3.4462973456130919e-02 1.2262676010249191e-01
    1.5702198894868931e+00 5.7740191854404110e+01
    -5.8305289231078653e+01 4.4120841603780600e+03</data></extrinsic_parameters>
<image_points type_id="opencv-matrix">
  <rows>11</rows>
  <cols>49</cols>
  <dt>"2f"</dt>
  <data>
    9.15299927e+02 1.60552139e+02 1.01595197e+03 1.61492889e+02
    1.11663293e+03 1.62576874e+02 1.21856665e+03 1.61973938e+02
    1.32070508e+03 1.61648666e+02 1.42410510e+03 1.61423157e+02
    1.52837109e+03 1.61146545e+02 9.14328064e+02 2.61836823e+02
    1.01449829e+03 2.63357269e+02 1.11472620e+03 2.63922546e+02
    1.21599231e+03 2.63824188e+02 1.31769592e+03 2.63915741e+02
    1.42039404e+03 2.63889984e+02 1.52452856e+03 2.63559235e+02
    9.13195740e+02 3.62507629e+02 1.01326965e+03 3.63351624e+02
    1.11367468e+03 3.63583160e+02 1.21533643e+03 3.63791107e+02
    1.31653687e+03 3.64537445e+02 1.41971948e+03 3.64811005e+02
    1.52255725e+03 3.65636902e+02 9.11732483e+02 4.61159027e+02
    1.01226917e+03 4.62060944e+02 1.11300830e+03 4.62543579e+02
    1.21443311e+03 4.63455719e+02 1.31624426e+03 4.64454834e+02
    1.41924866e+03 4.64874847e+02 1.52342542e+03 4.65877930e+02
    9.10380188e+02 5.60367981e+02 1.01106409e+03 5.61470215e+02
    1.11151758e+03 5.62501587e+02 1.21316406e+03 5.63580994e+02
    1.31478601e+03 5.64864929e+02 1.41783740e+03 5.66043945e+02
    1.52146106e+03 5.67097168e+02 9.09176819e+02 6.60602600e+02
    1.00968933e+03 6.61811279e+02 1.11041797e+03 6.63363953e+02
    1.21220093e+03 6.64763367e+02 1.31445850e+03 6.66321228e+02
    1.41680347e+03 6.68017578e+02 1.52081787e+03 6.69695435e+02
    9.07411926e+02 7.60895081e+02 1.00858051e+03 7.62194031e+02
    1.10940112e+03 7.63751160e+02 1.21165430e+03 7.65716614e+02
    1.31447876e+03 7.67922729e+02 1.41719946e+03 7.69601501e+02
    1.52126135e+03 7.71645142e+02 4.06909241e+02 1.58692215e+02
    5.11022308e+02 1.59448898e+02 6.15550598e+02 1.60820007e+02
    7.18601624e+02 1.61051727e+02 8.21288086e+02 1.61311798e+02
    9.23800720e+02 1.61127548e+02 1.02666785e+03 1.60184708e+02
    4.07941742e+02 2.62209686e+02 5.13180298e+02 2.63386597e+02
    6.16949646e+02 2.63940155e+02 7.19682800e+02 2.64399384e+02
    8.21655884e+02 2.64908875e+02 9.23670227e+02 2.64952301e+02
    1.02564001e+03 2.64135406e+02 4.09116302e+02 3.65542389e+02
    5.13366638e+02 3.65878723e+02 6.16094727e+02 3.65819183e+02
    7.19068054e+02 3.65855164e+02 8.21402161e+02 3.66489960e+02
    9.23356262e+02 3.66524628e+02 1.02494629e+03 3.66689270e+02
    4.07585602e+02 4.66916687e+02 5.11474396e+02 4.66948608e+02
    6.14516418e+02 4.66793701e+02 7.18140076e+02 4.67097595e+02
    8.20490967e+02 4.67344635e+02 9.22577942e+02 4.67390961e+02
    1.02462488e+03 4.67363464e+02 4.06247528e+02 5.68777893e+02
    5.11339233e+02 5.68646790e+02 6.15096680e+02 5.68550598e+02
    7.17843933e+02 5.68621216e+02 8.19972717e+02 5.68640015e+02
    9.22216003e+02 5.68568909e+02 1.02400134e+03 5.68604797e+02
    4.05856720e+02 6.71763611e+02 5.10321167e+02 6.71478088e+02
    6.13664551e+02 6.71106262e+02 7.17140808e+02 6.70932922e+02
    8.19276367e+02 6.70858765e+02 9.21612610e+02 6.70810059e+02
    1.02317383e+03 6.71044617e+02 4.03872528e+02 7.74591064e+02
    5.09489441e+02 7.73750793e+02 6.12612000e+02 7.73312988e+02
    7.15702454e+02 7.73235291e+02 8.18086975e+02 7.73289917e+02
    9.20576050e+02 7.72765808e+02 1.02257959e+03 7.73115601e+02
    3.87813751e+02 3.27342102e+02 4.93238495e+02 3.27927979e+02
    5.98383972e+02 3.29323212e+02 7.01575684e+02 3.29588226e+02
    8.03812744e+02 3.29846252e+02 9.05953186e+02 3.30197144e+02
    1.00821417e+03 3.29899048e+02 3.89008362e+02 4.30372620e+02
    4.95025848e+02 4.30995026e+02 5.99408936e+02 4.31451721e+02
    7.02478333e+02 4.31595795e+02 8.04208923e+02 4.31754028e+02
    9.05754883e+02 4.31876678e+02 1.00713977e+03 4.31791779e+02
    3.89736298e+02 5.33421997e+02 4.94727417e+02 5.33300964e+02
    5.98098755e+02 5.33175171e+02 7.01342468e+02 5.32989197e+02
    8.03546448e+02 5.33243896e+02 9.05449463e+02 5.33195984e+02
    1.00647723e+03 5.33340149e+02 3.87759949e+02 6.35635010e+02
    4.92477448e+02 6.35225891e+02 5.96064392e+02 6.34707275e+02
    7.00168457e+02 6.34450806e+02 8.02645020e+02 6.34334961e+02
    9.04488953e+02 6.34244385e+02 1.00617188e+03 6.34278625e+02
    3.86004028e+02 7.38304993e+02 4.91652649e+02 7.37220215e+02
    5.96019897e+02 7.36457458e+02 6.99458374e+02 7.36352173e+02
    8.01838928e+02 7.35568970e+02 9.03867615e+02 7.35066833e+02
    1.00544037e+03 7.34891113e+02 3.85543854e+02 8.41532288e+02
    4.90206757e+02 8.40782166e+02 5.94182983e+02 8.40156311e+02
    6.97993042e+02 8.39136841e+02 8.00603577e+02 8.38667542e+02
    9.03244141e+02 8.37554871e+02 1.00466748e+03 8.37733093e+02
    3.83375092e+02 9.45069763e+02 4.89305237e+02 9.43784912e+02
    5.92901123e+02 9.42979736e+02 6.96471130e+02 9.42625916e+02
    7.99311768e+02 9.42411987e+02 9.02177856e+02 9.40953430e+02
